8  1  4  2  28  
192  0.0164421915057   132  -0.00792618823031   130  0.156466792264   65  0.329891162151   66  0.0256898490806   68  -0.314465878777   80  0.163411302761   24  0.0221768855326   20  0.235241671317   48  -0.172650345344   40  0.170859127779   3  0.156968990505   5  -0.199137138018   6  -0.30875908901   9  0.313565494039   144  0.252159160651   72  0.0445114096963   129  0.0427690074223   160  0.0585417748971   96  0.133636148203   10  -0.273581061944   12  -0.176843930732   17  -0.318376883959   33  0.0424998714561   18  -0.0177629038113   36  -0.230562445691   34  0.0484058124521   136  -0.116337400325   
192  0.0252618819639   132  0.115827614705   130  0.00097939093843   65  0.0580832205613   66  -0.0664695644818   68  0.214237100324   80  -0.174230953669   24  -0.214775905396   20  0.268755637855   48  -0.277653134019   40  -0.168444186289   3  0.0173818327783   5  -0.111113810816   6  0.00429199755766   9  -0.300114995903   144  -0.180670626644   72  -0.0192775429527   129  0.0959141849735   160  0.03495170948   96  0.0222656935741   10  -0.220286053989   12  -0.351313502463   17  0.160395488607   33  -0.264114837258   18  -0.297651052236   36  -0.323374543323   34  -1.82613764428e-05   136  0.266105335504   
192  0.163830290128   132  -0.285769337437   130  -0.0470759355321   65  0.206920338872   66  -0.105490234108   68  -0.306266362058   80  -0.217793427395   24  -0.0494727580486   20  0.108082484215   48  0.0575631289234   40  0.138143244476   3  -0.160372874583   5  0.235153512568   6  0.184263333008   9  0.0291717451497   144  -0.159073951016   72  -0.189840614301   129  0.184700049979   160  -0.0520298831649   96  -0.249731109983   10  -0.415933051923   12  0.185836940394   17  0.205712774332   33  -0.0744632915239   18  0.0679826952203   36  -0.0692108795421   34  -0.285332716825   136  -0.187081471142   
192  0.0186309110433   132  -0.202655714219   130  0.400542824459   65  0.13270283179   66  0.143742619474   68  -0.170634557254   80  0.160179647665   24  -0.192711845375   20  0.100964769872   48  -0.081256110432   40  -0.283187392977   3  -0.179920425207   5  -0.182427707581   6  0.195708533565   9  -0.0680071249372   144  -0.113575514221   72  -0.0855101796715   129  -0.185575612216   160  0.0293722702211   96  -0.0765667209169   10  0.348004051731   12  0.276752713762   17  0.0685352346986   33  0.00944824568824   18  -0.0487061306781   36  -0.337650579731   34  0.215664093147   136  -0.188797766626   
192  -0.296462473243   132  0.168347670387   130  -0.259114142564   65  0.129587072262   66  0.0321683555171   68  -0.0297567252098   80  0.325662103146   24  -0.253016802016   20  -0.209325317355   48  -0.261206263934   40  0.0252979848748   3  -0.26163154106   5  0.20249292112   6  0.207025102643   9  0.399343643825   144  -0.169738514549   72  0.215690253417   129  0.10602052969   160  0.235089884144   96  0.100644608185   10  0.00169681573382   12  0.0466282974631   17  0.094105327594   33  0.000149495918819   18  -0.162719498975   36  -0.0580904898813   34  -0.090192455742   136  0.0487590413792   
192  -0.10989292039   132  -0.11293255045   130  -0.176025464114   65  0.30728742912   66  0.276743697046   68  0.207263863248   80  -0.0984516020523   24  0.135176006747   20  0.272898478472   48  0.0941749091388   40  -0.236314485237   3  0.0753355182905   5  -0.0654851462662   6  0.194141767541   9  0.0216936524443   144  0.139938245541   72  -0.198664172682   129  0.289589452797   160  0.0238700253048   96  0.243625872931   10  0.0921541406021   12  0.257047917279   17  -0.146986207564   33  0.27919439798   18  -0.0491493412554   36  -0.00501257528038   34  -0.244575407894   136  0.275176742513   
192  0.279456137532   132  0.237465674091   130  0.128236967413   65  0.143022205862   66  0.307871566944   68  -0.117219601537   80  0.129775343245   24  -0.216638147794   20  -0.00736185149496   48  -0.253861405129   40  -0.233811043037   3  0.230185021503   5  0.273927501917   6  0.104659857756   9  -0.0347797007713   144  0.270137630083   72  -0.06980388612   129  -0.0234317130755   160  -0.120443430969   96  -0.146169490745   10  0.0993310262782   12  -0.279690217844   17  0.213795380458   33  0.102901843118   18  0.118650774819   36  0.271203102833   34  -0.215870758186   136  -0.0638364570608   
192  -0.236596508225   132  0.291011067914   130  0.172573902711   65  -0.257601948575   66  0.00198757650965   68  -0.163086072459   80  -0.091960568697   24  0.216790600873   20  0.268227604024   48  -0.175038109749   40  0.0601354057496   3  0.0874334641464   5  -0.152830937227   6  0.191610133633   9  0.0403805261321   144  -0.213365150485   72  -0.33851005224   129  0.126228262606   160  0.389720052581   96  0.133616028226   10  0.0602719167719   12  -0.0518606277112   17  0.0408553255596   33  -0.105303530795   18  0.110611356929   36  0.237671988499   34  -0.0770901483092   136  -0.257026027925   
192  0.155935876179   132  -0.0112645496102   130  0.0189418387086   65  0.145479929898   66  0.070193472339   68  0.233693758759   80  -0.131318534843   24  -0.278514364598   20  -0.0987393824043   48  -0.116481590581   40  0.195538869683   3  -0.182630725884   5  -0.0431557272348   6  -0.375042686555   9  -0.113384145315   144  -0.189655100262   72  -0.174425094698   129  -0.0770982538876   160  0.0942110856936   96  0.449650934219   10  -0.0496153532768   12  0.0512751195641   17  0.238279636187   33  0.363175161339   18  0.139008376676   36  0.0820538959615   34  0.0194074800061   136  -0.214011495152   
192  -0.0369299658275   132  0.141243334828   130  -0.270381593007   65  0.0977819430783   66  -0.158705557088   68  -0.218372594289   80  -0.0079273589354   24  0.01559250127   20  0.162272896009   48  -0.159008601329   40  -0.157873102931   3  -0.0353130773801   5  0.246157871688   6  -0.326263224057   9  -0.262186369103   144  -0.176045810402   72  0.0515954407737   129  -0.034188706305   160  -0.244867479141   96  0.141714860199   10  0.311995154008   12  0.175644119153   17  -0.312947940083   33  -0.213326549577   18  -0.0983676362746   36  0.0324541680541   34  -0.23682301043   136  -0.236540476721   
192  0.0632028245407   132  0.159499578462   130  -0.105838750681   65  -0.219668942824   66  0.136794059146   68  0.111146161101   80  -0.183292727239   24  -0.238409485161   20  0.0735843210849   48  0.103471242938   40  -0.415978625747   3  0.062319447015   5  0.244158378045   6  -0.179767247015   9  0.177823373004   144  -0.141795393284   72  -0.0400045023403   129  0.00271091189885   160  0.270105158309   96  -0.249411221284   10  -0.233348372686   12  0.100921673611   17  -0.339043128703   33  0.139592786623   18  0.210154964534   36  -0.142846220899   34  0.209188405779   136  -0.093459230964   
192  -0.444059359807   132  -0.194483199121   130  -0.178746002281   65  0.146744170199   66  0.261272850513   68  -0.124268116245   80  -0.0991270044176   24  -0.00251410452882   20  0.0722521163622   48  0.0110532658444   40  0.0374393739806   3  0.00346363918361   5  0.0639330205483   6  -0.148543489873   9  0.146864927353   144  -0.218353988946   72  -0.241687344233   129  -0.251959777924   160  -0.232368139635   96  -0.0807610012072   10  0.116860822234   12  -0.291859201586   17  0.115414554467   33  -0.121989082385   18  0.369136463598   36  -0.0172996222257   34  0.137514741704   136  0.225573076107   
192  -0.0344265842371   132  -0.226345870242   130  -0.0353792328419   65  -0.365572787114   66  -0.142152075917   68  0.177078349912   80  0.264340089627   24  -0.172448002436   20  0.265466244906   48  -0.118767247307   40  0.215101382357   3  -0.0418673200616   5  -0.0521536410852   6  0.0295501384436   9  0.000551768291795   144  -0.0906835179403   72  -0.0232984575092   129  0.133125435735   160  -0.143317823772   96  -0.237967610372   10  0.188847781829   12  -0.235349668933   17  -0.157477873888   33  0.390209680026   18  0.11510467836   36  -0.179318219744   34  -0.321069112555   136  -0.0710892231239   
192  -0.00577683626021   132  0.377428700988   130  0.153011485103   65  0.283083046645   66  -0.231348562337   68  0.0487276388241   80  -0.217062270692   24  0.195990166635   20  -0.00921171947415   48  -0.266179784118   40  0.153004828489   3  -0.35342776977   5  0.0347575926038   6  -0.0393965535722   9  -0.0710358828333   144  0.101604502914   72  0.0239000861053   129  0.141657432673   160  0.0140666802599   96  -0.342857772823   10  0.175076310992   12  0.0891657232459   17  -0.0638804502958   33  0.183674533446   18  0.283907716268   36  -0.0686338575852   34  0.125222646149   136  0.243621533109   
192  0.117926971674   132  0.104643323171   130  -0.248916184636   65  -0.107174752397   66  0.373198401943   68  -0.22173189335   80  -0.0289873266176   24  -0.107466568123   20  0.117474636437   48  0.111214437051   40  -0.0601013688298   3  -0.349293190719   5  -0.507178898115   6  -0.0795052555995   9  -0.0667715094729   144  -0.0226355629458   72  0.325640316427   129  0.299206206431   160  -0.105648757509   96  -0.0989248092436   10  -0.0219084795669   12  -0.0344067887148   17  0.0722949836866   33  -0.066810247292   18  0.124770345536   36  0.18050964668   34  0.0262348529849   136  -0.0620432121972   
192  -0.0185371219005   132  -0.249013324427   130  -0.0957173233547   65  0.124845622692   66  -0.129321334227   68  0.127456288121   80  0.00476750888517   24  0.247200112765   20  0.156013539159   48  -0.289631824128   40  -0.204549316656   3  0.233763411255   5  -0.141963000858   6  -0.269782075849   9  0.1888834934   144  -0.18600478289   72  0.198970449675   129  -0.0362293568319   160  0.0865359353471   96  -0.337623356776   10  0.0182145711532   12  0.129193009191   17  0.30052649435   33  0.168583342735   18  -0.214167768508   36  0.30611233485   34  0.0884308032894   136  -0.0731166809146   
192  -0.34261018613   132  -0.17818419561   130  0.301570870005   65  0.135424466726   66  -0.0484648681258   68  0.0913269983489   80  0.163227121192   24  -0.0112401933663   20  -0.206674666353   48  0.212317681154   40  -0.256737057282   3  -0.18719512909   5  -0.00942590233496   6  -0.329572102778   9  -0.222105421086   144  0.124265707091   72  0.0250522879964   129  0.146507973017   160  0.325180662363   96  -0.130759399587   10  -0.0565809513208   12  -0.148754305736   17  -0.00390649067789   33  -0.139135729155   18  0.0965974075596   36  0.0932209620243   34  -0.364842586997   136  -0.0336029807871   
192  0.106438216293   132  -0.185532011816   130  0.0637951318951   65  0.0419436632653   66  0.261723727958   68  0.0845500038349   80  0.174009474928   24  0.0101657505752   20  0.0628931205594   48  -0.30032019282   40  0.213228218413   3  0.00208248160244   5  0.00688704348479   6  0.148332881682   9  -0.295772386229   144  -0.186043392735   72  0.190706602192   129  -0.313813857635   160  0.195074872424   96  -0.0388206265041   10  -0.233266604382   12  0.183267217382   17  -0.351487566904   33  -0.126308111295   18  0.186065938812   36  0.250408516393   34  -0.0759357022861   136  0.231579635868   
192  0.119328906974   132  -0.0531199398428   130  0.0667971130237   65  -0.136175812815   66  0.215541837062   68  -0.323887719906   80  -0.159390716793   24  0.361848687485   20  -0.455432054147   48  -0.154765011383   40  -0.14551652959   3  -0.0562364492811   5  -0.0379644458197   6  -0.0419308086212   9  -0.0356120727539   144  -0.299893407102   72  -0.0422867684854   129  -0.00481145512063   160  -0.00115661154099   96  0.0260127180155   10  -0.0258770502236   12  -0.210416326235   17  -0.138343303327   33  0.323850489296   18  -0.222598648086   36  -0.174484171299   34  -0.179478866221   136  0.135868710464   
192  0.0280788103979   132  -0.142869639689   130  -0.156243020189   65  0.0441770311402   66  -0.116958536418   68  0.0786947371238   80  0.39466477524   24  0.13881941379   20  -0.163291394424   48  -0.200122532038   40  -0.199795395352   3  -0.150732787018   5  0.00805113436502   6  0.0922291072309   9  -0.173226737676   144  0.00674251372643   72  -0.377774570775   129  0.314301810862   160  -0.190697425909   96  0.0347087930376   10  -0.211111973694   12  -0.113354974244   17  -0.150992501798   33  -0.0152699342243   18  0.0522828358035   36  0.163106922352   34  0.428279074665   136  -0.131446156259   
192  -0.0952333528141   132  0.376455765731   130  -0.00612792369682   65  0.209539803461   66  -0.0469606847176   68  0.190089614948   80  0.229925182606   24  0.118564346017   20  -0.169040586722   48  0.126333590075   40  -0.0899426199674   3  0.291367538106   5  -0.295084549711   6  0.113215544733   9  -0.0460974299658   144  -0.295424053652   72  0.0585106214837   129  -0.107633240864   160  -0.274626050242   96  -0.063664683997   10  -0.237340991761   12  0.127274416427   17  0.0677889182373   33  0.0447854436108   18  0.263758974988   36  -0.221418933049   34  -0.216600454742   136  -0.184579394272   
192  0.305561135611   132  0.0540363920662   130  -0.01873734736   65  0.132936014341   66  -0.394363320182   68  -0.19243182182   80  0.122741163568   24  -0.287259659123   20  -0.0330999772561   48  0.2128212155   40  -0.116561295418   3  0.0129620015295   5  -0.274774495758   6  -0.0132248747567   9  0.192428732557   144  -0.242290930274   72  -0.264848498883   129  -0.095963562577   160  0.0921368234306   96  -0.0123919659205   10  0.116884173774   12  -0.0503734562658   17  -0.140403974157   33  -0.0107739562179   18  0.00457011031   36  0.276344871944   34  -0.100546272532   136  0.391763480972   
192  -0.209337345363   132  0.00858207058004   130  0.0521916634615   65  -0.306078360995   66  0.0253389979889   68  -0.0330107967953   80  -0.11597902021   24  -0.260950700239   20  -0.243793040287   48  -0.369332192449   40  -0.00487161833537   3  0.0794628621107   5  -0.240862637433   6  -0.178798652417   9  0.0935164761936   144  0.270195064123   72  -0.277407512162   129  0.0202592403117   160  -0.234937916481   96  -0.0885870947298   10  -0.138127015169   12  0.418060464025   17  0.00521990033325   33  -0.123116814708   18  -0.0505430709941   36  0.0147541237215   34  -0.1597024659   136  0.157415369574   
192  -0.198738803897   132  0.180717397621   130  0.356934317641   65  -0.0823639670078   66  0.112961915788   68  -0.194405448768   80  0.233228140615   24  -0.0917831635762   20  0.18467223706   48  0.220483747248   40  0.138091157747   3  0.100789503428   5  0.250388114567   6  -0.180332862349   9  -0.14764012847   144  -0.254744362744   72  0.0487775717279   129  0.251060902037   160  -0.21067443235   96  -0.0054445421597   10  -0.143174282062   12  0.179975364632   17  0.090947007137   33  0.21437836734   18  -0.211831497702   36  0.142800719654   34  0.180900325183   136  0.267395852369   
192  -0.0924482606885   132  -0.215649949555   130  0.187547572902   65  0.144997432132   66  -0.0811969500165   68  0.00949205231982   80  -0.324949137516   24  -0.275408719966   20  -0.2554440356   48  -0.104133684602   40  0.0492565509245   3  0.366395586148   5  -0.0311085520908   6  0.166563911689   9  0.0125551790577   144  -0.19511109318   72  0.273825588641   129  0.435152099201   160  -0.0770057858875   96  0.0843962250612   10  0.17876208777   12  -0.0760139681521   17  -0.203453440504   33  -0.0667876496423   18  0.163888356972   36  0.103517879627   34  0.1187371346   136  -0.0909301433336   
192  -0.133367025072   132  -0.102975987507   130  -0.100999752554   65  -0.17098057436   66  -0.348051922716   68  -0.358528477954   80  0.0151454757938   24  -0.0109427822321   20  0.094040683698   48  -0.114679320515   40  -0.296562314142   3  0.0695932334015   5  0.0179337967043   6  0.099250575108   9  -0.203365366263   144  0.16424796134   72  0.269520579425   129  -0.0870217932639   160  0.0681428150158   96  0.305823813321   10  -0.15716503105   12  0.0446209029747   17  0.214346644702   33  0.255762696878   18  0.367753559269   36  -0.0698756774203   34  0.0391848049598   136  0.175356538684   
192  0.344570662466   132  -0.0871421247183   130  0.228331820319   65  -0.186387983466   66  0.0441161223355   68  0.161616690433   80  0.156509991153   24  0.25021457027   20  0.0638951896781   48  -0.100699473145   40  -0.118217689939   3  -0.0651392006271   5  0.148426522909   6  -0.184668204679   9  0.336698429906   144  -0.144578615248   72  0.0786812706713   129  0.236491960749   160  -0.0983683694208   96  0.241794690151   10  0.0785420152824   12  0.0955845188842   17  0.151509307995   33  -0.336018755231   18  0.314145912984   36  -0.143884870231   34  -0.10391937636   136  0.192796630036   
192  0.144826009602   132  -0.0123796100954   130  -0.322798601351   65  0.0182468476909   66  0.110020920532   68  -0.159671799302   80  0.214558054797   24  -0.000723455171226   20  -0.150701550596   48  0.0207362761857   40  0.24096119439   3  0.366882064551   5  -0.00445099505636   6  -0.176346890196   9  -0.265913706137   144  0.0202408187096   72  -0.144175936688   129  0.231854695278   160  0.387916334013   96  -0.155166763252   10  0.224141480155   12  0.138943961971   17  0.179590366123   33  -0.0779354043324   18  0.100657205237   36  -0.296042851644   34  0.0814230207307   136  0.106244445647   
0  1.0123172292  1.043626974  1.04681029242  1.06237925654  1.0731915592  1.09733364865  1.10166401465  1.14159740915  1.18315302304  1.2039198185  1.23276471775  1.23311319906  1.26043391677  1.27108215831  1.30636677646  1.33719679501  1.4096252468  1.59042866996  1.6068037271  1.65109964223  1.70828826409  1.73231577421  1.78201503666  1.78920342443  1.8400854677  1.84898145442  1.86358745002  
