4  2  3  2  15  
3, 0  -0.424846572962   1, 2  -0.38299292344   0, 3  0.038432593912   2, 8  0.545686987097   2, 1  -0.611204104924   
2, 4  0.61351972126   0, 5  0.37885662293   0, 6  0.692864496772   
3, 0  0.880397135694   0, 3  0.0100751332341   1, 2  -0.100401881283   2, 8  0.434794145966   2, 1  -0.160227613166   
1, 2  0.144223033002   1, 1  0.643346098312   3, 0  0.0568092054862   0, 3  -0.0144725004586   0, 5  0.105397670096   0, 6  0.192754459687   0, 12  0.551749372292   2, 8  -0.193121806137   2, 4  -0.282767319545   2, 1  -0.303191467587   
1, 2  0.200284109944   1, 1  -0.0225956006243   1, 4  -0.263468678212   3, 0  -0.0200940017494   0, 3  0.00433919773104   0, 5  -0.00370177679861   0, 6  -0.00676992182135   0, 12  -0.0193785405612   2, 8  0.0683091741411   2, 4  0.00993135333967   2, 2  -0.939047363395   2, 1  -0.0502750794792   
1, 2  0.0380598073256   1, 1  0.178701605771   1, 4  0.00256718164457   3, 0  0.0159561867812   0, 3  -0.00405733946199   0, 5  0.407080721717   0, 6  -0.694793980646   0, 12  0.153258874299   2, 8  -0.0542427513971   2, 4  0.533271943727   2, 2  0.00914987379542   2, 1  -0.0836235643619   
1, 2  0.522064119071   1, 1  -0.139291768017   1, 4  0.0352138783126   3, 0  0.0101406224835   0, 3  0.756364841128   0, 5  -0.0438893927028   0, 6  -1.83291311538e-17   0, 12  -0.11946003212   2, 8  -0.0344728519366   2, 4  0.0271022862438   2, 2  0.125508276007   2, 1  -0.317401984467   
0, 9  0.0268921987366   1, 1  -0.0452333543662   1, 4  -0.020361967717   1, 2  -0.301876795403   3, 0  -0.0778518314678   0, 3  0.524562784443   0, 5  -0.0142525612339   0, 6  5.50244777811e-17   0, 12  0.534943076584   2, 8  0.264655810189   2, 4  0.00880114693964   2, 2  -0.0725735302881   2, 1  0.512547768937   
0, 9  -0.936298704055   1, 1  -0.0401855204941   1, 4  -0.112838963168   1, 2  -0.0566466287259   3, 0  0.0161575949617   0, 3  0.0262541893599   0, 5  -0.0126620410886   0, 6  2.217846005e-18   0, 12  0.035182392427   0, 10  0.31549816523   2, 8  -0.0549274346497   2, 4  0.0078189795046   2, 2  0.0169689301501   2, 1  -0.0231238804173   
1, 2  -0.579343767472   1, 1  -0.223736755558   0, 9  0.0932677750571   1, 4  -0.0295379817781   3, 0  0.184650509103   0, 3  0.222993692005   0, 5  -0.0704971332229   0, 6  1.52539238261e-17   0, 12  0.0439206553178   0, 10  -0.0276072434879   2, 8  -0.627715869582   2, 4  0.0435329214262   2, 2  -0.141955242801   2, 1  -0.311728482986   
1, 2  0.242197514107   1, 1  -0.693209714217   0, 9  0.0224200508116   1, 4  0.0195774145138   3, 0  -2.48474871939e-16   0, 3  -0.274323882637   0, 5  0.236114052969   0, 6  5.29727296675e-17   0, 12  0.525083992336   0, 10  -0.00937912836975   2, 8  2.83971282217e-16   2, 4  -0.145803581587   2, 2  0.0573168699621   2, 1  -0.169015409954   
1, 2  -0.0254853631246   1, 1  1.19678421356e-16   0, 3  0.0288658774577   0, 9  -0.00236673962056   1, 4  -0.00205313587518   3, 0  -1.33156285571e-16   1, 8  -0.983338246735   0, 5  0.142747313787   0, 6  9.26082508743e-17   0, 12  -0.0552518891035   0, 10  0.000966931914752   2, 8  9.23394014035e-17   2, 4  -0.088148373002   2, 2  -0.00603313652947   2, 1  0.0177847370244   
1, 2  0.137691691599   1, 1  -2.42718879564e-16   1, 8  -0.181735379789   0, 9  0.00491345406996   1, 4  0.0182702867684   3, 0  1.31911085037e-16   0, 3  -0.155955851098   0, 5  -0.771958861576   0, 6  -8.47880193591e-16   0, 12  0.298882591827   0, 10  -0.0259962392484   2, 8  7.08364722055e-16   2, 4  0.476694908415   2, 2  0.0305818454585   2, 1  -0.0960869387481   
1, 2  -0.00285180882378   1, 1  -2.22195870422e-16   1, 8  0.00138796454522   0, 9  -0.109722791018   1, 4  0.956323802922   3, 0  -6.43474500967e-16   0, 3  0.00323008793861   0, 5  0.00586391716519   0, 6  -1.77751149986e-16   0, 12  -0.00105216022519   0, 10  0.0306883345207   2, 8  4.65008796639e-16   2, 4  -0.00362104717641   2, 2  -0.269055498751   2, 1  0.00199010976326   
1, 2  -0.00827442754374   1, 1  -5.23740627551e-15   1, 8  0.00402713252265   0, 9  -0.31835699385   1, 4  -0.00643461797308   3, 0  1.04371525396e-14   0, 3  0.00937199169345   0, 5  0.0170139587553   0, 6  -4.52195123895e-14   0, 12  -0.00305280756381   0, 10  -0.947624538785   2, 8  2.59235774403e-14   2, 4  -0.0105063467943   2, 2  -0.00034046686324   2, 1  0.00577423665391   
0  1.02685577844  1.12340842209  1.23687390536  1.33791972336  1.40642857153  1.45206911737  1.46103578085  1.47761831589  1.48662991276  1.50523992873  1.65565856426  1.76518850164  1.84777284424  1.8810173628  
