3 3 20 

0.980699252384 0.0542237645884 0.0173184477628 0.041718440204 0.0156995693223 0.0704154389667 0.0748083605028 0.010775847101 0.00360904030333 0.036290837866 0.0292570183458 0.00115198205901 0.0687852409791 0.0420426831822 0.070112050167 0.0509230487911 0.0422277770818 0.0167778478695 0.0628857975271 0.0108015942428 
-0.153465423182 0.0228925801415 0.351256186954 0.129316750183 0.302772086611 0.289419870717 0.324462184322 0.0419946376309 0.0929288952808 0.316443421289 0.0122666076138 0.135709313175 0.31746173716 0.0816892750775 0.106183294357 0.33326270226 0.063730849905 0.0606161165855 0.298881263587 0.314875916808 
-0.0729710305528 0.456919401084 0.119153442059 0.0403442219632 -0.146435005943 0.0862895084861 -0.16374019078 0.049920171248 0.0282910387475 -0.171314052337 0.466528323508 -0.0610606792386 0.166988955546 0.280310171554 0.0778587883444 -0.0230691036097 0.389624862801 0.410655483613 -0.0944835495021 -0.133906225161 
0.0067667279965 -0.141024112168 -0.0890136024441 0.241956980301 0.227983552276 -0.417591494965 0.028582983501 0.398871810335 -0.114547955053 -0.0440553811243 -0.166494721663 -0.0523892507573 -0.110123863093 0.197188056273 -0.0327484432037 -0.356789814755 0.307986496829 0.221201635068 0.302545775981 0.2590291272 
-0.0399509346 -0.0243477758253 -0.319853959167 0.284195747695 0.0921339308448 -0.0163739848395 -0.260315100502 0.265761871728 0.302785610515 0.224508095699 0.220796711231 -0.0388599520299 -0.0830950242148 0.238958130672 0.347674299847 0.164614325245 -0.230080364449 -0.219581644631 0.233694610373 -0.3278652673 
-0.0172106660344 -0.0633799843651 0.0480452119512 0.183163356954 0.0754140114549 -0.0452575137374 0.373046080335 0.0382929371173 0.280540340936 0.120520341549 -0.0831104451791 0.231422931558 -0.10392007253 -0.194406395721 0.43660151036 -0.221799715324 0.281028127042 0.0105282271719 -0.503521721338 -0.191680512188 
-0.0330770185769 0.246876823542 -0.266962804726 -0.113124186562 -0.212958362224 -0.23363884951 0.26069468071 -0.17169386006 0.144371038261 -0.0496087659995 -0.468060617145 0.0459485419742 -0.111153809869 0.105198600273 0.0258046493112 0.454166961771 0.183754704567 0.217034456116 0.23327419907 -0.215347605529 
0.0206095281189 0.00779792546084 -0.231610656945 0.0540041222128 0.225426730191 0.258275383383 -0.455528204435 -0.0575233068688 0.322531035141 -0.317208778776 -0.121546809196 0.386330907 0.0207705665337 -0.341439049636 -0.0444588404875 0.0549759500779 0.273275061117 0.0141998654509 0.110456976873 0.191965465109 
-8.40799102224e-05 0.15720805469 0.237921589412 0.347107867566 -0.200154995296 -0.118981494354 0.0133191420658 0.28335047515 -0.378514637645 -0.263029250644 0.109063638618 0.311893437705 -0.339515003173 -0.201717667843 0.106583906312 0.374041532422 -0.100424282791 -0.116582332857 -0.0284522561372 0.1008354376 
0.00359412550872 0.122178240014 -0.289356017175 -0.193993376669 0.029210807641 0.292202021123 -0.15272487417 0.071149714074 -0.202285128286 0.352389122377 -0.126778979234 0.0946105690111 -0.385258144218 0.314390215994 0.120546294918 0.0723502161358 -0.0167944309709 0.157617354966 -0.332896667988 0.394941570286 
0.00352674599327 0.33882798753 0.243406421388 0.0394469718623 -0.00465973602179 0.126701649488 0.0246080953678 0.0395032328448 0.185987966983 0.0980551567893 -0.121782995735 0.018397606451 -0.293242624982 0.240881514707 -0.379026901314 -0.154314028676 0.295527574527 -0.582175952686 0.0499409751759 -0.0807129114738 
-0.00758058963673 0.039226640154 -0.250217785813 -0.403338078 0.258354973387 -0.306411515593 0.247748541218 -0.0331647787412 0.0337609519954 -0.252298783139 0.404363389604 -0.0413623846518 0.0123010908366 0.060084892273 0.150878462219 0.189263703901 0.158749615073 -0.381707505388 -0.0625580330316 0.287787238012 
-0.0157623889789 0.563110308306 -0.358622699734 0.0160720147157 0.152588298301 -0.031288063599 0.245683454461 0.164796957149 -0.0930285196144 0.204529833969 0.107758995997 0.206305939991 0.147172111528 -0.330749820413 -0.240285510288 -0.248618334694 -0.274274826141 0.0663039827878 0.0635838654079 -0.0554911252948 
0.052918576902 0.0430948676341 0.211238046295 -0.11240546614 -0.219827636867 -0.322656555316 -0.0844944471115 0.284255397111 0.61814078334 0.0729179309493 0.026004650052 0.0193086884231 0.00131258940532 -0.012708906202 -0.222058028443 0.106483124411 -0.276898293625 0.166311430491 -0.212153554157 0.314796760139 
-0.0367936551065 -0.0738462677297 -0.190014797628 0.0496711629377 -0.213800741314 0.495919275726 0.412026670864 0.272964134856 0.173741215071 -0.508278454241 -0.0538703017707 -0.111900261297 -0.0328058731161 0.184237187028 0.0192364299308 -0.154111566061 -0.203983989577 0.0127223720595 0.060821993505 0.100651520967 
-0.00529911143775 0.0812222772148 0.220428116787 -0.367308378295 -0.170426449895 0.0619426780579 0.010163495328 -0.0898228908051 0.113000496191 0.102810006887 0.15909681025 -0.00320509339883 -0.430232880541 -0.263902260797 0.356338606027 -0.282120645327 -0.0318904925596 0.111312203234 0.491438149465 0.0626370940054 
0.0333795570079 -0.0384533575609 0.245975383574 -0.239109993086 0.530258955639 -0.0320384825088 0.0280823033625 -0.015593682858 0.0141113011249 -0.247303985104 -0.00810397445468 0.355825776295 -0.218223110646 0.305329472397 -0.101998714059 -0.0108977883625 -0.295819200059 0.229096313237 -0.0314329638151 -0.340747344269 
0.0110755939639 -0.0433277126464 0.0154033429362 -0.0668619781913 0.321085942146 0.178621619705 0.0484265225403 0.308658542625 0.0298272010734 0.0381533821484 0.055405034837 -0.549221562203 -0.292759153632 -0.377069798502 -0.200974985886 0.291926192983 0.167265787966 0.170843983801 -0.0913144412058 -0.186039080572 
0.0117685725119 -0.325400218141 -0.202314979232 0.282263240437 -0.110271910843 0.0150877608915 0.230013293288 -0.345472354945 0.106462787982 0.147593152238 0.455549091757 0.188170941923 -0.316127047461 0.0397558797839 -0.404207562439 0.0495931009655 0.0869978381157 0.17685432617 0.0735610110933 0.0325392479673 
0.0026040408845 -0.325617512565 -0.0536937375051 -0.421175450382 -0.27173557183 0.0913284397581 0.0144631496628 0.488093050647 -0.126979537853 0.179300490528 0.0814888690551 0.375858476638 0.18177736891 -0.0161824125462 -0.147120281909 0.062146512565 0.258160384742 -0.047129831533 0.0667208272364 -0.254471887257 

0 0.0416468765382 1.64856657768 1.69552011876 3.09805213538 3.25244856863 3.86835249687 4.32133794297 4.71405527381 5.4789144118 5.50192663676 5.56090469961 5.84714445257 6.35339814044 6.38223608237 6.53080937393 6.99673490608 8.19940192273 9.62705630087 9.63897312126 
